DateTime,Entries,UniqueIPs
1438136187,0,0
1438136187,0,0
1438136187,0,0
1438136187,0,0
1438136187,134,265984
1438136187,134,265984
1438136187,134,265984
1440631768,144,268800
1440631768,144,268800
1443512099,129,275456
1446103148,131,274944
1448836885,134,278528
1451465577,139,280320
1454025634,154,282624
1454452580,154,284416
1456617637,139,286208
1457913920,140,286464
1459215119,140,287232
1461880281,141,288256
1464584821,142,289280
1467243763,143,297472
1469759141,147,301568
1475106770,148,302592
1477611060,147,301568
1479089381,148,302592
1480463219,149,302848
1485219556,151,302848
1488152366,152,303104
1490917929,151,303360
1493318955,152,304384
1496154684,183,303360
1498709715,168,304384
1501291994,175,312064
1503993911,176,312320
1506621513,178,315648
1509242222,229,326656
1510612529,229,327424
1511913666,196,320512
1514507841,171,325632
1517223854,175,332800
1519685203,198,328960
1521068847,203,334592
1522340070,204,333824
