DateTime,Entries,UniqueIPs
1438136187,0,0
1438136187,0,0
1438136187,0,0
1438136187,0,0
1438136187,4,6656
1438136187,4,6656
1438136187,4,6656
1440631768,4,6656
1451465577,6,8704
1472424244,7,8960
1477611060,6,8704
1496154684,7,8960
1498709715,6,8704
1509242222,7,8960
1511913666,6,8704
1519685203,7,8960
